x u0 u1 u2
0.000000 0.000000 0.000000 0.000000
1.428571 0.045995 -0.090963 -0.133899
2.857143 0.090963 -0.173844 -0.241278
4.285714 0.133899 -0.241278 -0.300869
5.714286 0.173844 -0.287274 -0.300869
7.142857 0.209906 -0.307744 -0.241278
8.571429 0.241278 -0.300869 -0.133899
10.000000 0.267261 -0.267261 0.000000
11.428571 0.287274 -0.209906 0.133899
12.857143 0.300869 -0.133899 0.241278
14.285714 0.307744 -0.045995 0.300869
15.714286 0.307744 0.045995 0.300869
17.142857 0.300869 0.133899 0.241278
18.571429 0.287274 0.209906 0.133899
20.000000 0.267261 0.267261 -0.000000
21.428571 0.241278 0.300869 -0.133899
22.857143 0.209906 0.307744 -0.241278
24.285714 0.173844 0.287274 -0.300869
25.714286 0.133899 0.241278 -0.300869
27.142857 0.090963 0.173844 -0.241278
28.571429 0.045995 0.090963 -0.133899
30.000000 0.000000 0.000000 0.000000
