    1 1.80000 2.15000   119.45 0.113039
    2 1.70000 2.37500  27.0125 0.172804
    3 1.50000 2.42500   3.3125 0.172804
    4 1.50000 2.42500   3.3125 0.113039
    5 1.60000 2.42500   2.1825 0.0666667
    6 1.57500 2.37500  1.44629 0.0485913
    7 1.54375 2.41250 0.381724 0.0313194
    8 1.54375 2.41250 0.381724 0.0313194
    9 1.54375 2.41250 0.381724 0.0252161
   10 1.53359 2.37969 0.361882 0.0170886
   11 1.54590 2.38867 0.298133 0.0148486
   12 1.53574 2.35586 0.287719 0.0148486
   13 1.53574 2.35586 0.287719 0.0142336
   14 1.53574 2.35586 0.287719 0.0140757
   15 1.52034 2.31763 0.274598 0.0249079
   16 1.50609 2.26199 0.260127 0.0403992
   17 1.46816 2.15770 0.219662 0.0698501
   18 1.46816 2.15770 0.219662 0.0698501
   19 1.37092 1.86567 0.156506 0.133667
   20 1.35080 1.83094 0.127011  0.15524
   21 1.30721 1.69361 0.117456 0.0789071
   22 1.24516 1.55547 0.062643 0.120522
   23 1.24516 1.55547 0.062643 0.120522
   24 1.13953 1.28001 0.0538041 0.120522
   25 1.18773 1.41754 0.0399034 0.120463
   26 1.18773 1.41754 0.0399034 0.079263
   27 1.16780 1.35742 0.0321743 0.0418913
   28 1.12450 1.25819 0.0194901 0.0708071
   29 1.12450 1.25819 0.0194901 0.0521395
   30 1.10157 1.21646 0.0112179 0.0671964
   31 1.10157 1.21646 0.0112179 0.0671964
   32 0.99204 0.97626 0.00626812 0.108179
   33 1.04064 1.08855 0.00480828 0.107874
   34 1.05895 1.12443 0.00440468 0.0691415
   35 1.02092 1.04138 0.000517838 0.0373895
   36 1.02092 1.04138 0.000517838 0.0373895
   37 1.02092 1.04138 0.000517838 0.0235017
   38 1.02092 1.04138 0.000517838 0.0235017
   39 0.98165 0.96231 0.000512996 0.0457004
   40 1.01374 1.02892 0.000343864 0.0386824
   41 1.00931 1.01850 9.08359e-05 0.032518
   42 0.99659 0.99301 1.4823e-05 0.016745
   43 0.99659 0.99301 1.4823e-05 0.0130966
   44 0.99659 0.99301 1.4823e-05 0.0120126
   45 0.99659 0.99301 1.4823e-05 0.00661758
   46 1.00020 1.00054 1.85966e-06 0.00661758
   47 1.00020 1.00054 1.85966e-06 0.00443483
   48 1.00020 1.00054 1.85966e-06 0.00231123
   49 1.00027 1.00049 3.17295e-07 0.00174993
Convergence, minimum found at: 
   50 1.00027 1.00049 3.17295e-07 0.000875456
